805
353
992
478
123
428
636
755
212
525
181
512
690
322
350
426
566
724
298
242
824
769
714
408
757
146
131
953
793
201
705
585
230
741
647
373
312
748
851
921
313
555
551
475
771
821
186
278
187
261
785
156
831
287
446
254
451
940
487
664
938
795
977
732
751
894
865
530
591
804
843
909
594
550
160
464
575
132
466
409
269
925
854
521
898
448
113
906
943
779
308
407
883
100
645
817
764
807
956
954
178
477
669
806
167
159
634
300
832
660
104
770
171
338
971
859
756
620
389
962
968
872
774
870
676
460
529
947
203
685
886
735
552
893
539
497
884
630
372
863
518
957
291
961
912
337
794
975
304
349
818
286
633
415
790
427
849
767
658
147
509
614
858
328
689
577
182
307
486
811
396
960
293
492
623
494
339
419
972
773
826
917
467
310
892
233
548
808
692
717
519
267
375
222
761
578
158
126
974
235
471
772
501
385
527
468
299
482
207
709
144
377
627
855
356
918
978
122
226
258
195
701
148
191
465
646
264
686
406
694
413
273
569
966
990
856
522
596
929
305
411
571
342
473
378
374
161
904
880
765
837
608
271
358
861
573
391
621
251
173
352
523
834
436
984
800
423
469
973
739
838
292
479
330
263
710
565
708
556
327
562
699
449
852
265
506
386
246
601
763
632
920
404
121
440
948
900
629
534
759
250
713
369
381
244
659
284
719
672
274
582
241
452
700
388
682
249
279
557
663
997
354
589
511
626
778
638
240
234
238
780
721
616
470
611
141
688
733
107
101
927
505
270
964
923
106
600
783
395
619
416
932
661
390
896
910
877
332
970
595
819
836
612
588
255
935
496
715
340
309
177
480
844
236
192
981
874
447
193
926
359
224
348
219
786
383
639
916
458
762
227
208
493
502
586
414
901
537
934
812
424
625
846
876
712
822
125
919
198
336
945
543
472
209
545
644
200
853
188
412
939
434
420
366
262
484
671
796
143
662
982
194
135
105
610
711
777
364
986
862
574
760
716
867
243
495
282
275
508
570
294
866
580
399
829
531
380
673
670
979
758
887
584
318
179
546
631
268
164
461
206
445
280
890
994
617
528
792
130
782
110
635
590
915
628
154
316
903
169
398
933
606
329
341
950
357
129
483
437
842
218
462
223
435
498
453
839
476
558
643
393
127
454
813
197
941
150
847
928
649
742
367
655
949
544
499
516
775
553
801
199
323
184
989
841
149
657
998
542
303
257
170
155
864
216
140
360
559
936
515
815
382
965
746
845
402
677
963
347
272
368
695
878
513
301
592
245
568
650
111
285
256
734
490
397
583
603
432
247
609
137
980
889
510
103
547
514
139
895
459
871
456
678
311
289
489
987
346
722
128
211
229
931
355
225
157
102
538
321
624
152
602
133
885
993
797
766
239
365
220
442
848
266
730
720
166
217
526
737
879
727
882
967
114
283
500
958
656
648
897
138
532
640
119
976
999
622
549
597
228
743
729
704
665
754
726
753
290
109
379
387
214
433
850
827
653
108
392
731
118
183
803
707
260
691
376
907
706
370
421
605
363
924
172
607
288
693
654
439
955
384
810
277
681
937
787
911
944
641
112
809
162
696
176
541
443
908
888
503
422
752
652
996
248
520
642
736
145
168
781
401
153
728
320
666
417
784
215
189
205
252
857
335
828
680
124
232
833
295
325
615
599
136
891
560
117
180
276
687
444
598
204
816
259
969
351
196
400
210
703
517
281
799
297
814
253
115
745
637
951
667
899
798
438
213
418
296
536
334
988
788
718
576
554
581
985
791
474
120
488
441
913
535
683
873
314
579
593
747
738
540
604
802
345
830
455
905
567
749
326
684
725
361
922
776
175
481
504
333
942
315
410
425
524
165
768
946
820
825
317
306
572
618
868
430
485
563
185
698
371
995
789
840
302
952
675
319
343
151
463
702
163
823
491
405
983
457
394
564
116
860
869
134
723
142
750
450
902
533
429
344
174
613
331
507
202
959
403
881
930
674
697
668
221
561
231
740
744
324
587
679
190
875
914
237
362
651
431
835
991