5061
2754
6315
5390
3259
9915
2624
5901
7452
6459
8803
3898
8205
7072
7522
1600
7042
8558
8703
7794
1999
5623
2118
9614
9990
3978
7016
5442
4235
3138
5888
3443
8233
7965
2177
7238
6537
3574
9400
7090
8305
1954
4636
6675
1837
6387
2936
6250
3924
4828
5098
4916
1056
3295
5681
8757
2349
9736
4118
5691
5332
8008
5452
3084
7146
3327
8024
8174
8130
5642
9843
1186
9276
5755
9517
7732
6751
6148
6030
2631
2417
7527
1191
1005
5131
5751
8642
7004
4518
7500
8553
1498
1339
6424
5015
6589
8359
8827
1817
4950